377
292
327
58
69
88
33
130
43
34
6
15
21
14
14
2
9
34
9
30
15
18
13
2
15
26
34
20
2
17
7
7
2
30
12
35
14
3
12
7
1
2
19
4
5
22
6
20
13
377
374
249
43
111
47
10
29
32
12
14
40
4
9
10
10
2
10
5
7
9
11
2
1
9
7
4
2
3
3
1
1
1
7
1
11
292
374
148
44
74
26
8
5
14
11
2
3
25
1
11
3
19
5
23
3
65
17
1
2
2
7
12
12
1
2
5
1
16
1
18
9
1
3
327
249
148
63
114
7
5
1
2
23
1
15
14
15
2
2
5
1
15
23
26
2
1
3
2
1
1
5
1
33
7
58
43
44
63
76
23
2
1
23
37
8
52
16
2
4
4
1
2
3
1
13
17
12
20
1
69
111
74
114
76
7
95
17
52
2
3
4
8
5
1
1
3
88
47
26
7
23
7
1
57
27
6
3
1
8
2
4
4
2
36
2
1
11
3
1
2
1
33
10
8
5
2
95
1
4
8
130
29
5
1
1
6
43
32
14
2
23
17
57
39
1
3
2
4
1
34
12
11
23
37
52
27
4
39
1
2
1
3
4
2
6
2
1
6
1
15
14
3
15
8
6
1
2
18
39
1
25
1
21
40
14
2
1
14
4
3
6
13
14
9
25
2
24
21
1
2
1
52
1
1
2
1
1
6
5
4
2
9
10
16
8
3
2
18
4
8
34
10
11
15
2
2
8
1
1
9
2
3
2
4
3
2
2
39
1
4
3
5
19
30
10
19
2
4
4
4
1
15
5
5
5
8
4
1
1
1
1
28
18
7
23
1
5
2
8
3
2
5
9
1
13
9
3
15
1
5
1
1
4
11
11
2
65
1
4
15
11
17
23
4
2
26
1
26
1
2
1
8
13
34
2
2
2
20
2
2
36
4
3
1
6
2
1
1
2
2
1
25
8
19
1
11
1
17
9
7
3
3
1
2
1
8
5
2
7
7
12
2
24
15
7
4
12
1
21
2
15
1
1
2
1
6
5
2
1
1
5
3
30
3
2
5
1
1
4
6
12
3
5
11
1
5
6
1
35
5
14
3
3
1
1
1
1
28
9
1
1
12
33
13
2
13
6
16
3
12
17
1
5
16
4
3
12
4
3
4
13
20
2
12
3
13
7
1
16
1
2
13
1
1
8
2
1
1
8
19
7
6
4
1
2
3
5
11
18
1
2
1
22
6
9
1
1
11
4
20
1
7
1
2
1
13
3
3
1
8
